INPUT PARAMETER BASELINE OPTION 1 OPTION _ OPTION3
PROGRAM MANAGEMENT $'S 6750.0 5914.0 5055.6 4175.0
SYSTEM PRIME 1.0 .9 .8 .7
SUB 1.5 1.4 1.3 1.2
DPROJ PRIME 1.0 .94 .87 .8
DPROJ SUB 2.0 1.9 1.8 1.7
PEP
PROGRAM MGMT $'S: 5 2150.0 1883.8 1610.3 1329.8
25 3375.0 2957.2 2527.9 2087.5
50 4288.0 3757.2 3211.7 2652.1
100 5954.0 5216.8 4459.6 3682.5
150 9585.0 8398.4 7179.1 5928.3SYSTEM PRIME (Q 5 -150) 1.0 .9 .8 .7
SUB (Q 5 -150) 1.5 1.4 1.3 1.2
DPROJ PRIME (Q 5 -150) 1.0 .92 .84 .75
SUB (Q 5 -150) 2.0 1.8 1.5 1.0
PRODUCTION
PROGRAM MGMT $'S 5 4800.0 4205.8 3595.2 2968.8
25 15900.0 13931.6 11909.1 9834.1
50 17500.0 15333.5 13107.5 10823.7
100 19718.0 17276.9 14768.7 12195.6
150 23500.0 20590.7 17601.5 14534.8
PPROJ PRIME 5 1.0 .95 .9 .85
PRIME 25 1.0 .93 .86 .8
PRIME 50 1.0 .88 .8 .75
PRIME 100 1.0 .88 .8 .75
PRIME 150 1.0 .88 .8 .75
PPROJ SUB 5 2.0 1.93 1.86 1.8
SUB 25 2.0 1.90 1.80 1.70
SUB 50 2.0 1.90 1.80 1.70
SUB 100 2.0 1.90 1.80 1.70
SUB 150 2.0 1.90 1.80 1.70
CI
CANDIDATE VARIABLES -12
